32.53534253746099	1.0767284322880013	-31.759460581017
32.53534253746099	1.0767284322880013	-31.759460581017
31.537895177461	0.6202961342880007	-33.069748889017
31.537895177461	0.6202961342880007	-33.069748889017
33.237222961461	0.6481305422880002	-30.586339009017003
33.237222961461	0.6481305422880002	-30.586339009017003
40.58829132946099	1.683239806288	-19.759081533017
40.58829132946099	1.683239806288	-19.759081533017
45.125684469461014	-0.9141538737119994	-8.585326101017
45.125684469461014	-0.9141538737119994	-8.585326101017
44.69735096946101	-0.07554632771200033	4.190331758983
44.69735096946101	-0.07554632771200033	4.190331758983
42.332546821461	-1.1716909157120015	14.923429126983002
42.332546821461	-1.1716909157120015	14.923429126983002
34.49351609746101	-0.9766656377119995	29.280467766983
34.49351609746101	-0.9766656377119995	29.280467766983
21.923088045461004	-1.7616786777119997	40.19799225898301
21.923088045461004	-1.7616786777119997	40.19799225898301
5.4763742654610015	0.6297527422879979	44.32116490698301
5.4763742654610015	0.6297527422879979	44.32116490698301
-4.935361754538999	1.6020090622880006	45.562204846983
-4.935361754538999	1.6020090622880006	45.562204846983
-16.045914522538997	3.4782365202879975	41.33355689898301
-16.045914522538997	3.4782365202879975	41.33355689898301
-27.572755106539002	3.9989520862880017	35.66909667098301
-27.572755106539002	3.9989520862880017	35.66909667098301
-31.766088614539	6.528568756288001	31.671222594983004
-31.766088614539	6.528568756288001	31.671222594983004
-35.61165058653901	6.355899924288001	28.326864850983004
-35.61165058653901	6.355899924288001	28.326864850983004
-40.838816026539	5.5412848782880015	18.239185822982996
-40.838816026539	5.5412848782880015	18.239185822982996
-45.727569938539	2.943126490288001	7.294019590983001
-45.727569938539	2.943126490288001	7.294019590983001
-45.458159566538995	3.6091272102880025	2.9163691669829994
-45.458159566538995	3.6091272102880025	2.9163691669829994
-45.427120446539	3.946013662288002	-5.435356705016998
-45.427120446539	3.946013662288002	-5.435356705016998
-43.203675026539	4.328807388288	-12.318321381016998
-43.203675026539	4.328807388288	-12.318321381016998
-36.705842818539	-2.4343912777119976	-25.313465669017003
-36.705842818539	-2.4343912777119976	-25.313465669017003
-25.415833906539	-11.708185877712001	-36.582556537017005
-25.415833906539	-11.708185877712001	-36.582556537017005
-14.167494062539	-17.343930537711998	-39.623253721016994
-14.167494062539	-17.343930537711998	-39.623253721016994
12.195490865461	-22.243627759712002	-36.462627497017
12.195490865461	-22.243627759712002	-36.462627497017
24.21047983746101	-15.752603163712001	-34.846573925017
24.21047983746101	-15.752603163712001	-34.846573925017
36.330483957461	-10.617171771712	-24.341477953017
36.330483957461	-10.617171771712	-24.341477953017
33.903322941461006	-6.039548763712	-29.053288749017003
33.903322941461006	-6.039548763712	-29.053288749017003
34.937760401461006	-0.47656357371200053	-27.511665757017003
34.937760401461006	-0.47656357371200053	-27.511665757017003
35.689858237461	10.563753434288003	-25.885612209017
35.689858237461	10.563753434288003	-25.885612209017
40.33410984946101	13.992504466288002	-16.883720373017
40.33410984946101	13.992504466288002	-16.883720373017
40.218380053461	16.978542178288	-11.360234517016998
40.218380053461	16.978542178288	-11.360234517016998
41.664521673460996	16.698871486287995	-4.957675221016998
41.664521673460996	16.698871486287995	-4.957675221016998
42.678127665461005	15.539932894288002	5.416773002982999
42.678127665461005	15.539932894288002	5.416773002982999
43.242721121460995	14.446639378288003	9.440006370983003
43.242721121460995	14.446639378288003	9.440006370983003
43.71633977746101	5.0843963762880025	11.398017894983003
43.71633977746101	5.0843963762880025	11.398017894983003
41.556565125461	4.877420684288005	15.997229602983001
41.556565125461	4.877420684288005	15.997229602983001
40.99511842146101	-2.0619272697119992	19.53241023098301
40.99511842146101	-2.0619272697119992	19.53241023098301
39.323608021461	-2.4348881657119996	21.589170278983005
39.323608021461	-2.4348881657119996	21.589170278983005
38.571873597461	-4.2581152497120005	23.07204669498301
38.571873597461	-4.2581152497120005	23.07204669498301
35.84738520146101	-15.479800829712001	23.206606546983007
35.84738520146101	-15.479800829712001	23.206606546983007
33.490532297461016	-25.036559467712	16.979478646983008
33.490532297461016	-25.036559467712	16.979478646983008
33.466535289461	-30.969472215712	5.473625238983002
33.466535289461	-30.969472215712	5.473625238983002
28.839089781461006	-35.164043323712	-2.476356101016998
28.839089781461006	-35.164043323712	-2.476356101016998
29.739816937461	-34.16001778371199	-5.637914501017
29.739816937461	-34.16001778371199	-5.637914501017
30.954877301461003	-32.903155393712	-5.731330005016998
30.954877301461003	-32.903155393712	-5.731330005016998
32.369107349461	-30.350626491712003	-13.254912785016998
32.369107349461	-30.350626491712003	-13.254912785016998
31.704755997461007	-24.500202933712004	-20.656237373017003
31.704755997461007	-24.500202933712004	-20.656237373017003
32.23505410146101	-18.361633657711998	-25.720997073017003
32.23505410146101	-18.361633657711998	-25.720997073017003
34.663138053461005	-3.9551365317120015	-28.994624381017005
34.663138053461005	-3.9551365317120015	-28.994624381017005
32.900251529461	-1.2683935217120006	-32.051013913017
32.900251529461	-1.2683935217120006	-32.051013913017
31.259406953461	-1.058248929712001	-32.884932117017
31.259406953461	-1.058248929712001	-32.884932117017
25.346886885461007	-15.757382021712	-35.457165137017
25.346886885461007	-15.757382021712	-35.457165137017
3.5417938974610035	-29.072746573712	-35.748500853017
3.5417938974610035	-29.072746573712	-35.748500853017
-6.513220358538998	-30.008422629712	-34.270589397017
-16.879317946539	-25.572834017712	-33.505924629017
-16.879317946539	-25.572834017712	-33.505924629017
-28.299150734538998	-13.206269527712001	-33.24262091701701
-28.299150734538998	-13.206269527712001	-33.24262091701701
-35.531080138539004	-4.086917775712	-28.686218465017003
-35.531080138539004	-4.086917775712	-28.686218465017003
-33.637019662539004	6.940516936288002	-30.630715453017
-33.637019662539004	6.940516936288002	-30.630715453017
-26.500897830539003	21.842478430288	-29.128170885017
-26.500897830539003	21.842478430288	-29.128170885017
-15.241210174539	33.07670719828801	-25.955674593017
-15.241210174539	33.07670719828801	-25.955674593017
5.6312143494610005	36.603459406287996	-26.394267069017
5.6312143494610005	36.603459406287996	-26.394267069017
17.856597505461007	34.769715046288	-23.884306861017
17.856597505461007	34.769715046288	-23.884306861017
31.674952629460996	24.253238586288003	-22.700954369017
31.674952629460996	24.253238586288003	-22.700954369017
37.070898345461	12.193502450288	-23.586000181017003
37.070898345461	12.193502450288	-23.586000181017003
35.415037593461	2.1002528782879986	-30.505482373017003
35.415037593461	2.1002528782879986	-30.505482373017003
27.844584801461	7.019606086288004	-36.719287033017004
27.844584801461	7.019606086288004	-36.719287033017004
16.715823521461004	17.086930094288004	-37.558184197017
16.715823521461004	17.086930094288004	-37.558184197017
13.940140485461	26.571779930288002	-34.145317173017
13.940140485461	26.571779930288002	-34.145317173017
4.162053733461	27.153142390288004	-35.52879412101701
4.162053733461	27.153142390288004	-35.52879412101701
0.672678501461003	31.400382716287996	-32.251628089017004
0.672678501461003	31.400382716287996	-32.251628089017004
-2.9026451385389995	29.727464574288007	-35.019832409017
-2.9026451385389995	29.727464574288007	-35.019832409017
-1.4235486945390006	33.725527482288	-31.172611269017
-1.4235486945390006	33.725527482288	-31.172611269017
-2.410165990539	42.782694370288	-15.330368265017002
-2.410165990539	42.782694370288	-15.330368265017002
4.164876161461002	45.318518080288	2.7067982669830033
4.164876161461002	45.318518080288	2.7067982669830033
9.777303149460998	44.401949728288	2.5031357589830017
9.777303149460998	44.401949728288	2.5031357589830017
9.957454421461001	41.902411078288004	13.916048150983004
9.957454421461001	41.902411078288004	13.916048150983004
17.548917797461	40.65037850628801	10.490535458983002
17.548917797461	40.65037850628801	10.490535458983002
28.855868389461	22.250665524288	28.212377918983005
28.855868389461	22.250665524288	28.212377918983005
36.22686670946101	5.067139318288	27.07822820298301
36.22686670946101	5.067139318288	27.07822820298301
42.64168188546099	-7.238333147712002	14.661489658983003
42.64168188546099	-7.238333147712002	14.661489658983003
43.01364724146101	-14.399391345711999	-1.7279808090169972
43.01364724146101	-14.399391345711999	-1.7279808090169972
39.817682637461	-12.068360055711999	-18.406191533017
39.817682637461	-12.068360055711999	-18.406191533017
30.916382117461005	-4.8695212197119995	-33.07123490501701
30.916382117461005	-4.8695212197119995	-33.07123490501701
27.880249829461	0.07450722628799929	-35.118106165017004
27.880249829461	0.07450722628799929	-35.118106165017004
20.064612265460998	-4.968183181711999	-41.144726793017
20.064612265460998	-4.968183181711999	-41.144726793017
6.469085481461002	-12.862727475712	-43.694225073017
6.469085481461002	-12.862727475712	-43.694225073017
-5.377075334539	-22.917154445712	-38.063316321017
-5.377075334539	-22.917154445712	-38.063316321017
-9.909473162539001	-26.822174053712	-35.713724013017
-9.909473162539001	-26.822174053712	-35.713724013017
-16.216393418538996	-26.872714305712	-31.456792453017
-16.216393418538996	-26.872714305712	-31.456792453017
-33.660824450538996	-28.323512367712002	-10.434886793017
-33.660824450538996	-28.323512367712002	-10.434886793017
-30.130521030539	-29.611972029712	16.193227110983003
-30.130521030539	-29.611972029712	16.193227110983003
-11.305436626538999	-24.729247539712	36.266152262983006
-11.305436626538999	-24.729247539712	36.266152262983006
9.975796493461	-13.083765425712	43.51417517098301
9.975796493461	-13.083765425712	43.51417517098301
27.955274093461004	-11.859965463712	34.005797466983
27.955274093461004	-11.859965463712	34.005797466983
37.980974869460994	-5.892032751712	25.595853014983003
37.980974869460994	-5.892032751712	25.595853014983003
44.839698853460995	0.23841130228799945	4.231513514983004
44.839698853460995	0.23841130228799945	4.231513514983004
42.642558929461	7.845299724288001	-12.135774961016999
42.642558929461	7.845299724288001	-12.135774961016999
39.02514353346101	7.977854664288003	-19.831736857017
39.02514353346101	7.977854664288003	-19.831736857017
33.064656553461006	6.229752028288003	-31.556047469017
33.064656553461006	6.229752028288003	-31.556047469017
17.494168053461003	-2.9227902517119992	-41.173832037017
17.494168053461003	-2.9227902517119992	-41.173832037017
13.912183185461	-1.6954334077120006	-43.190051445017
13.912183185461	-1.6954334077120006	-43.190051445017
21.021329005461	3.5915008042879997	-39.972481733017005
21.021329005461	3.5915008042879997	-39.972481733017005
30.779439437461004	3.9989598982880006	-33.274383333017006
30.779439437461004	3.9989598982880006	-33.274383333017006
32.517002285461004	6.186378082288001	-29.595265597016997
32.517002285461004	6.186378082288001	-29.595265597016997
33.239853673461006	7.958335584288	-30.632218017017003
33.239853673461006	7.958335584288	-30.632218017017003
34.093373893461	8.075816598288	-29.106385345017
34.093373893461	8.075816598288	-29.106385345017
33.861182101461004	8.736177124288002	-27.928079629017002
33.861182101461004	8.736177124288002	-27.928079629017002
34.242515725461	9.187272524288	-28.333005745016997
34.242515725461	9.187272524288	-28.333005745016997
33.916525921461	9.294794190288004	-30.778335233017
33.916525921461	9.294794190288004	-30.778335233017
33.82788522946101	9.089296044288	-29.548837621017004
